 Date  	 Hs(m)  	 Tp(s)  	Dir(°)	Trait de côte(m)
20-Feb-2013	  0.7416	  9.5747	110	 68.7295
21-Feb-2013	  0.6392	 10.7784	NaN	 70.1449
22-Feb-2013	  0.6082	  9.6704	NaN	 74.3490
23-Feb-2013	  0.6480	 10.0323	105	 70.9569
24-Feb-2013	  0.7296	 10.5089	107	 69.8245
25-Feb-2013	  0.7700	  9.2182	112	 63.3505
26-Feb-2013	  0.8510	  9.4354	107	 69.7429
27-Feb-2013	  0.7986	  9.6453	108	 71.2138
28-Feb-2013	  0.8346	  8.7897	113	 71.8454
01-Mar-2013	  0.8193	  9.0806	98	 72.3400
02-Mar-2013	  0.7516	  9.0301	108	 72.9335
03-Mar-2013	  0.7105	  8.6140	110	 75.0723
04-Mar-2013	  0.8520	  9.7270	109	 71.7002
05-Mar-2013	  0.8193	  9.0274	112	 68.4919
06-Mar-2013	  1.0280	  9.3167	106	 71.7340
07-Mar-2013	     NaN	     NaN	NaN	     NaN
08-Mar-2013	     NaN	     NaN	NaN	     NaN
09-Mar-2013	  0.6911	  9.7704	104	 70.0577
10-Mar-2013	  0.7248	 10.2956	104	 69.7259
11-Mar-2013	  0.8136	 10.2916	108	 71.9022
12-Mar-2013	  0.8230	 10.5095	108	 71.9371
13-Mar-2013	  0.7424	 10.5210	107	 71.9892
14-Mar-2013	  0.8604	 12.0791	112	 70.5298
15-Mar-2013	  0.8472	 10.3304	105	 69.3463
16-Mar-2013	  0.7759	  9.8717	118	 66.7559
17-Mar-2013	     NaN	     NaN	NaN	     NaN
18-Mar-2013	  0.7551	 11.8489	110	 68.3261
19-Mar-2013	  0.7879	 10.5908	114	 68.2573
20-Mar-2013	  0.8416	 10.1608	112	 69.3424
21-Mar-2013	  0.7190	 10.1295	105	 69.7690
22-Mar-2013	  0.7596	 10.3359	117	 68.8823
23-Mar-2013	  0.9420	 10.7183	111	 66.9764
24-Mar-2013	  0.8235	 10.6959	115	 66.4158
25-Mar-2013	  0.7517	 10.1357	107	 70.2321
26-Mar-2013	  0.7376	 10.2450	104	 70.1100
27-Mar-2013	  0.7935	 11.7322	113	 67.4788
28-Mar-2013	  0.7276	 10.3666	115	 68.0658
29-Mar-2013	  0.8173	 10.4142	114	 68.0786
30-Mar-2013	  0.8351	 10.4571	106	 68.7950
31-Mar-2013	  0.8935	 10.8360	105	 69.7334
01-Apr-2013	  0.7904	  9.5946	107	 70.6850
02-Apr-2013	  0.5807	  8.7754	NaN	     NaN
03-Apr-2013	  0.7618	  9.2292	108	 69.7739
04-Apr-2013	  0.8530	  9.5088	108	 67.9027
05-Apr-2013	  0.8955	  9.9916	108	 66.5113
06-Apr-2013	  0.8790	 11.0152	115	 65.0903
07-Apr-2013	  0.9035	 10.9706	110	 63.8375
08-Apr-2013	  0.6227	 10.2102	108	 67.9391
09-Apr-2013	  0.8717	  9.4912	111	 67.5646
10-Apr-2013	  0.7702	  9.5640	111	 70.6590
11-Apr-2013	     NaN	     NaN	NaN	     NaN
12-Apr-2013	     NaN	     NaN	NaN	     NaN
13-Apr-2013	     NaN	     NaN	NaN	     NaN
14-Apr-2013	     NaN	     NaN	NaN	     NaN
15-Apr-2013	  0.9316	  8.8265	108	 66.6584
16-Apr-2013	  0.8870	  9.3303	107	 64.9088
17-Apr-2013	     NaN	     NaN	NaN	     NaN
18-Apr-2013	     NaN	     NaN	NaN	     NaN
19-Apr-2013	     NaN	     NaN	NaN	     NaN
20-Apr-2013	     NaN	     NaN	NaN	     NaN
21-Apr-2013	     NaN	     NaN	NaN	     NaN
22-Apr-2013	     NaN	     NaN	NaN	     NaN
23-Apr-2013	     NaN	     NaN	NaN	     NaN
24-Apr-2013	     NaN	     NaN	NaN	     NaN
25-Apr-2013	     NaN	     NaN	NaN	     NaN
26-Apr-2013	     NaN	     NaN	NaN	     NaN
27-Apr-2013	     NaN	     NaN	NaN	     NaN
28-Apr-2013	     NaN	     NaN	NaN	     NaN
29-Apr-2013	     NaN	     NaN	NaN	     NaN
30-Apr-2013	     NaN	     NaN	NaN	     NaN
01-May-2013	     NaN	     NaN	NaN	     NaN
02-May-2013	     NaN	     NaN	NaN	     NaN
03-May-2013	  1.0135	  9.2095	106	 63.3185
04-May-2013	  0.8925	 10.3537	109	 63.1478
05-May-2013	  1.0293	 10.1136	109	 59.9399
06-May-2013	  1.3417	 10.2251	106	 62.1521
07-May-2013	  1.3740	  9.6349	107	 61.4211
08-May-2013	  1.0946	  8.9688	108	 60.3764
09-May-2013	  1.0741	  9.3816	107	 62.3321
10-May-2013	  1.1501	  9.0779	109	 63.0082
11-May-2013	  0.8132	  8.8764	114	 61.4194
12-May-2013	     NaN	     NaN	NaN	     NaN
13-May-2013	  0.6410	 10.9177	110	 64.4543
14-May-2013	  0.7309	 10.4984	110	 64.8607
15-May-2013	  0.7663	 10.1435	110	 65.1789
16-May-2013	  0.9285	  9.2290	111	 68.0490
17-May-2013	  0.9515	  8.9788	113	 65.4732
18-May-2013	  0.9159	  8.7557	104	 66.1982
19-May-2013	  0.6647	 10.2731	115	 65.0648
20-May-2013	  0.7302	  9.9201	107	 66.2967
21-May-2013	  0.8445	  9.8157	111	 68.3342
22-May-2013	     NaN	     NaN	NaN	     NaN
23-May-2013	  0.7144	  9.8082	110	 68.3278
24-May-2013	  0.7596	  9.6384	114	 69.6519
25-May-2013	  0.8082	  9.5814	108	 70.3998
26-May-2013	  0.7242	 10.4491	116	 69.0318
27-May-2013	  0.6727	 10.3976	113	 69.5013
28-May-2013	  0.7684	  9.5899	104	 70.1445
29-May-2013	  0.7209	  9.7261	108	 70.7010
30-May-2013	  0.7879	  9.6074	105	 69.8370
31-May-2013	  0.6549	 10.1370	109	 69.1651
01-Jun-2013	  0.6526	  9.5418	107	 69.2134
02-Jun-2013	  0.7326	 11.2021	108	 64.9218
03-Jun-2013	  0.7773	 10.0113	110	 68.1527
04-Jun-2013	  0.7680	 10.7424	107	 68.2153
05-Jun-2013	  0.9382	 11.0681	94	 68.9676
06-Jun-2013	  0.8578	  9.9496	110	 64.5115
07-Jun-2013	  1.3667	  9.9959	107	 62.2583
08-Jun-2013	  1.3316	 11.2604	111	 59.7319
09-Jun-2013	  0.9026	  9.2048	120	 59.1729
10-Jun-2013	  0.9783	  8.5702	112	 59.7434
11-Jun-2013	  1.1426	  9.0287	108	 60.8532
12-Jun-2013	  1.3361	  8.7316	110	 61.4136
13-Jun-2013	  1.2458	  9.2436	108	 60.9168
14-Jun-2013	  1.2436	  9.6987	116	 62.5141
15-Jun-2013	     NaN	     NaN	NaN	     NaN
16-Jun-2013	  0.7635	  9.5472	113	 54.7858
17-Jun-2013	  1.0322	  8.8074	110	 62.9627
18-Jun-2013	  0.6786	  9.8501	113	 61.1480
19-Jun-2013	  0.7786	 10.8176	107	 60.6588
20-Jun-2013	     NaN	     NaN	NaN	     NaN
21-Jun-2013	  0.8721	  9.2856	110	 61.9427
22-Jun-2013	     NaN	     NaN	NaN	     NaN
23-Jun-2013	     NaN	     NaN	NaN	     NaN
24-Jun-2013	  0.9700	 10.5381	104	 64.3182
25-Jun-2013	  0.9039	 11.0533	107	 64.0227
26-Jun-2013	  1.0118	 11.4409	113	 63.9069
27-Jun-2013	  0.9029	 11.6799	121	 50.3415
28-Jun-2013	     NaN	     NaN	NaN	     NaN
29-Jun-2013	     NaN	     NaN	NaN	     NaN
30-Jun-2013	  0.8950	  8.6001	105	 60.6262
01-Jul-2013	  1.0198	 10.6700	109	 59.2845
02-Jul-2013	  1.0373	 12.9089	108	 59.2143
03-Jul-2013	  1.1721	  9.6744	112	 59.9169
04-Jul-2013	  1.0588	 10.3675	106	 60.1780
05-Jul-2013	  0.9504	  9.0441	112	 61.0808
06-Jul-2013	  1.2033	  9.1329	111	 61.3488
07-Jul-2013	  0.9839	 11.5850	119	 64.3193
08-Jul-2013	  1.1355	 10.9350	104	 63.3136
09-Jul-2013	  1.1927	 11.2398	108	 62.1284
10-Jul-2013	  0.8875	 12.4248	110	 62.5947
11-Jul-2013	  0.9119	 12.3050	109	 65.0622
12-Jul-2013	  0.9730	 10.8076	110	 65.2116
13-Jul-2013	  1.0850	 10.5718	110	 63.5256
14-Jul-2013	  0.9957	 11.9066	111	 65.9253
15-Jul-2013	  0.9743	 11.0989	110	 65.3762
16-Jul-2013	  1.0564	 11.2099	108	 63.1351
17-Jul-2013	  1.0661	 12.3068	109	 66.3933
18-Jul-2013	  0.7253	 10.7151	107	 65.9190
19-Jul-2013	  0.8190	  9.3246	105	 65.1291
20-Jul-2013	  0.7771	 10.9498	111	 64.6627
21-Jul-2013	  0.8270	 10.0143	115	 65.5683
22-Jul-2013	  0.7574	  9.8376	108	 67.2385
23-Jul-2013	  0.8161	  9.5793	105	 66.4026
24-Jul-2013	  0.6114	 10.5404	104	 64.8442
25-Jul-2013	  0.8273	  8.8934	110	 64.8760
26-Jul-2013	  0.8971	  9.8089	106	 65.6897
27-Jul-2013	  0.9963	 12.3934	116	 64.7349
28-Jul-2013	  1.0804	 11.4454	121	 64.3618
29-Jul-2013	  1.1060	 11.0196	111	 64.6727
30-Jul-2013	  1.1142	 10.9396	110	 64.6765
31-Jul-2013	     NaN	     NaN	NaN	     NaN
01-Aug-2013	  1.0111	 11.9498	116	 66.5896
02-Aug-2013	  1.0723	 11.3686	114	 65.3918
03-Aug-2013	  0.9792	 11.8024	111	 58.3612
04-Aug-2013	  0.8949	 12.4992	114	 67.3373
05-Aug-2013	  0.8281	 13.5682	107	 66.7706
06-Aug-2013	  0.9452	 13.9402	106	 67.5613
07-Aug-2013	     NaN	     NaN	NaN	     NaN
08-Aug-2013	     NaN	     NaN	NaN	     NaN
09-Aug-2013	     NaN	     NaN	NaN	     NaN
10-Aug-2013	     NaN	     NaN	NaN	     NaN
11-Aug-2013	     NaN	     NaN	NaN	     NaN
12-Aug-2013	     NaN	     NaN	NaN	     NaN
13-Aug-2013	     NaN	     NaN	NaN	     NaN
14-Aug-2013	     NaN	     NaN	NaN	     NaN
15-Aug-2013	     NaN	     NaN	NaN	     NaN
16-Aug-2013	     NaN	     NaN	NaN	     NaN
17-Aug-2013	     NaN	     NaN	NaN	     NaN
18-Aug-2013	     NaN	     NaN	NaN	     NaN
19-Aug-2013	     NaN	     NaN	NaN	     NaN
20-Aug-2013	     NaN	     NaN	NaN	     NaN
21-Aug-2013	     NaN	     NaN	NaN	     NaN
22-Aug-2013	     NaN	     NaN	NaN	     NaN
23-Aug-2013	     NaN	     NaN	NaN	     NaN
24-Aug-2013	     NaN	     NaN	NaN	     NaN
25-Aug-2013	     NaN	     NaN	NaN	     NaN
26-Aug-2013	     NaN	     NaN	NaN	     NaN
27-Aug-2013	     NaN	     NaN	NaN	     NaN
28-Aug-2013	     NaN	     NaN	NaN	     NaN
29-Aug-2013	     NaN	     NaN	NaN	     NaN
30-Aug-2013	     NaN	     NaN	NaN	     NaN
31-Aug-2013	     NaN	     NaN	NaN	     NaN
01-Sep-2013	  0.8295	  8.7183	110	 62.3134
02-Sep-2013	  1.1804	  8.6996	110	 62.4540
03-Sep-2013	  0.9167	  9.8523	107	 61.8008
04-Sep-2013	  0.9100	 12.1133	104	 66.1238
05-Sep-2013	  1.1736	 10.0084	107	 64.7653
06-Sep-2013	  0.7791	 13.5187	109	 62.2241
07-Sep-2013	  1.0158	 11.4022	108	 64.3481
08-Sep-2013	  1.0069	 10.9716	112	 63.7622
09-Sep-2013	  0.9653	  9.6027	114	 63.0519
10-Sep-2013	  1.0844	  9.1823	105	 62.2121
11-Sep-2013	  1.0968	  8.8447	106	 63.5466
12-Sep-2013	  1.0151	  8.4135	110	 63.1298
13-Sep-2013	  0.8615	  9.2654	102	 64.2647
14-Sep-2013	  0.7059	 11.5862	118	 65.1407
15-Sep-2013	     NaN	     NaN	NaN	     NaN
16-Sep-2013	     NaN	     NaN	NaN	     NaN
17-Sep-2013	     NaN	     NaN	NaN	     NaN
18-Sep-2013	     NaN	     NaN	NaN	     NaN
19-Sep-2013	     NaN	     NaN	NaN	     NaN
20-Sep-2013	     NaN	     NaN	NaN	     NaN
21-Sep-2013	  0.7916	 13.5477	110	 64.9991
22-Sep-2013	  1.1388	 10.8645	118	 61.1139
23-Sep-2013	  0.9369	  9.6740	110	 57.9356
24-Sep-2013	  0.9978	  8.9678	109	 56.8875
25-Sep-2013	  1.0732	  8.9518	109	 56.3044
26-Sep-2013	  1.1660	 11.2697	110	 55.1691
27-Sep-2013	  0.9241	  9.8979	106	 56.3912
28-Sep-2013	  1.1357	 10.0595	118	 58.8382
29-Sep-2013	  0.8495	  9.4015	109	 62.2120
30-Sep-2013	  0.7906	 10.4838	109	 64.7768
01-Oct-2013	  0.8698	 12.4504	109	 65.3758
02-Oct-2013	  0.6596	 13.8322	118	 64.1378
03-Oct-2013	  0.8444	 11.0176	113	 62.6752
04-Oct-2013	  0.7325	 10.3580	116	 64.2651
05-Oct-2013	  0.6807	 10.5387	103	 64.8585
06-Oct-2013	  0.8142	  9.7492	102	 65.7573
07-Oct-2013	  0.8522	  9.4355	110	 68.3956
08-Oct-2013	  0.8756	 10.3549	110	 68.4889
09-Oct-2013	  0.9599	 10.0407	106	 68.0806
10-Oct-2013	  1.0614	  9.8875	100	 67.2945
11-Oct-2013	  0.9340	 10.6082	109	 64.9983
12-Oct-2013	  1.0817	 10.6098	114	 65.3225
13-Oct-2013	  0.9486	 10.8429	120	 66.6016
14-Oct-2013	  0.8100	 10.7284	102	 68.2584
15-Oct-2013	  0.7624	  8.6183	111	 68.5648
16-Oct-2013	  0.8064	  8.4183	104	 57.9872
17-Oct-2013	  0.8789	  8.8480	105	 67.6250
18-Oct-2013	  0.9538	  9.2748	106	 66.9300
19-Oct-2013	  0.8711	  9.5993	114	 71.6429
20-Oct-2013	  0.8177	 10.4966	118	 68.4912
21-Oct-2013	  0.9178	 11.2523	114	 65.6068
22-Oct-2013	  0.8690	 11.1160	112	 65.2501
23-Oct-2013	  0.9792	  9.2423	109	 66.4975
24-Oct-2013	  0.9045	  9.0216	106	 68.2426
25-Oct-2013	  0.6703	 10.1748	112	 65.6772
26-Oct-2013	  0.8424	 10.0566	115	 65.2418
27-Oct-2013	  0.7711	 11.8669	106	 64.9673
28-Oct-2013	  0.8411	 11.0260	120	 65.4899
29-Oct-2013	  0.6762	 10.4611	115	 66.7852
30-Oct-2013	  0.7504	  9.5014	112	 69.9559
31-Oct-2013	  0.8107	  9.4025	118	 68.4006
01-Nov-2013	  0.7591	 11.4616	110	 68.5046
02-Nov-2013	  0.7623	  9.8583	107	 70.5527
03-Nov-2013	  0.7714	  9.1509	107	 70.1296
04-Nov-2013	  0.7905	 10.2970	106	 68.4028
05-Nov-2013	  0.8258	  9.8118	111	 68.7038
06-Nov-2013	  0.7725	  9.7459	116	 69.1841
07-Nov-2013	  0.7919	  9.7038	111	 68.5016
08-Nov-2013	  0.8839	  9.4960	106	 68.6926
09-Nov-2013	  0.8006	  9.4224	106	 68.9410
10-Nov-2013	  0.8507	  9.2803	109	 68.4902
11-Nov-2013	  0.7852	  9.5565	118	 67.5337
12-Nov-2013	  0.7753	 10.2077	120	 67.0417
13-Nov-2013	  0.8213	  9.7313	106	 66.2945
14-Nov-2013	  0.7705	 12.2371	114	 64.6623
15-Nov-2013	  0.6570	 11.6912	115	 66.3705
16-Nov-2013	  0.7650	 11.2905	111	 68.8304
17-Nov-2013	  0.7718	 10.7522	114	 69.4982
18-Nov-2013	  0.7259	  9.9703	109	 70.1789
19-Nov-2013	  0.7602	 12.1442	110	 68.5223
20-Nov-2013	  0.6694	 13.3246	110	 64.0234
21-Nov-2013	  0.7824	 11.7150	107	 62.5079
22-Nov-2013	  0.8253	 10.7619	116	 65.1161
23-Nov-2013	  0.7882	 11.3472	106	 65.8470
24-Nov-2013	  0.7775	 10.6590	113	 65.8384
25-Nov-2013	  0.6869	 10.0349	124	 66.3177
26-Nov-2013	  0.7017	  9.3722	119	 68.6951
27-Nov-2013	  0.6136	 10.3534	109	 68.2531
28-Nov-2013	  0.7240	 10.6422	114	 68.0629
29-Nov-2013	  0.7444	 12.6009	114	 67.0053
30-Nov-2013	  0.8975	 11.5366	111	 66.4292
01-Dec-2013	  0.8444	 11.3714	109	 63.9929
02-Dec-2013	  1.3676	 11.0972	105	 68.3937
03-Dec-2013	  1.0521	 10.4981	108	 61.3415
04-Dec-2013	     NaN	     NaN	NaN	     NaN
05-Dec-2013	     NaN	     NaN	NaN	     NaN
06-Dec-2013	     NaN	     NaN	NaN	     NaN
07-Dec-2013	     NaN	     NaN	NaN	     NaN
08-Dec-2013	     NaN	     NaN	NaN	     NaN
09-Dec-2013	  0.6802	 10.9730	115	 65.5374
10-Dec-2013	     NaN	     NaN	NaN	     NaN
11-Dec-2013	     NaN	     NaN	NaN	     NaN
12-Dec-2013	     NaN	     NaN	NaN	     NaN
13-Dec-2013	     NaN	     NaN	NaN	     NaN
14-Dec-2013	     NaN	     NaN	NaN	     NaN
15-Dec-2013	     NaN	     NaN	NaN	     NaN
16-Dec-2013	     NaN	     NaN	NaN	     NaN
17-Dec-2013	     NaN	     NaN	NaN	     NaN
18-Dec-2013	     NaN	     NaN	NaN	     NaN
19-Dec-2013	     NaN	     NaN	NaN	     NaN
20-Dec-2013	     NaN	     NaN	NaN	     NaN
21-Dec-2013	     NaN	     NaN	NaN	     NaN
22-Dec-2013	     NaN	     NaN	NaN	     NaN
23-Dec-2013	     NaN	     NaN	NaN	     NaN
24-Dec-2013	     NaN	     NaN	NaN	     NaN
25-Dec-2013	     NaN	     NaN	NaN	     NaN
26-Dec-2013	     NaN	     NaN	NaN	     NaN
27-Dec-2013	     NaN	     NaN	NaN	     NaN
28-Dec-2013	     NaN	     NaN	NaN	     NaN
29-Dec-2013	     NaN	     NaN	NaN	     NaN
30-Dec-2013	     NaN	     NaN	NaN	     NaN
31-Dec-2013	     NaN	     NaN	NaN	     NaN
01-Jan-2014	     NaN	     NaN	NaN	     NaN
02-Jan-2014	     NaN	     NaN	NaN	     NaN
03-Jan-2014	     NaN	     NaN	NaN	     NaN
04-Jan-2014	     NaN	     NaN	NaN	     NaN
05-Jan-2014	     NaN	     NaN	NaN	     NaN
06-Jan-2014	     NaN	     NaN	NaN	     NaN
07-Jan-2014	  0.6243	  8.7997	110	 71.4594
08-Jan-2014	  0.6220	  8.7604	107	 70.3133
09-Jan-2014	     NaN	     NaN	NaN	     NaN
10-Jan-2014	  0.6407	 10.5430	105	 66.5735
11-Jan-2014	  0.6215	 10.6884	109	 67.7860
12-Jan-2014	  0.6570	 10.2258	119	 69.6246
13-Jan-2014	     NaN	     NaN	NaN	     NaN
14-Jan-2014	     NaN	     NaN	NaN	     NaN
15-Jan-2014	  0.7524	 10.0887	110	 68.2276
16-Jan-2014	  0.7596	 10.2206	110	 71.0717
17-Jan-2014	  0.7239	 10.1320	109	 69.7106
18-Jan-2014	  0.8860	 10.6295	106	 70.9670
19-Jan-2014	     NaN	     NaN	NaN	     NaN
20-Jan-2014	  0.6793	 10.2308	108	 69.2471
21-Jan-2014	  0.7475	 11.2595	110	 67.7077
22-Jan-2014	     NaN	     NaN	NaN	     NaN
23-Jan-2014	     NaN	     NaN	NaN	     NaN
24-Jan-2014	     NaN	     NaN	NaN	     NaN
25-Jan-2014	     NaN	     NaN	NaN	     NaN
26-Jan-2014	     NaN	     NaN	NaN	     NaN
27-Jan-2014	     NaN	     NaN	NaN	     NaN
28-Jan-2014	     NaN	     NaN	NaN	     NaN
29-Jan-2014	     NaN	     NaN	NaN	     NaN
30-Jan-2014	     NaN	     NaN	NaN	     NaN
31-Jan-2014	     NaN	     NaN	NaN	     NaN
01-Feb-2014	     NaN	     NaN	NaN	     NaN
02-Feb-2014	     NaN	     NaN	NaN	     NaN
03-Feb-2014	     NaN	     NaN	NaN	     NaN
04-Feb-2014	     NaN	     NaN	NaN	     NaN
05-Feb-2014	     NaN	     NaN	NaN	     NaN
06-Feb-2014	     NaN	     NaN	NaN	     NaN
07-Feb-2014	     NaN	     NaN	NaN	     NaN
08-Feb-2014	     NaN	     NaN	NaN	     NaN
09-Feb-2014	     NaN	     NaN	NaN	     NaN
10-Feb-2014	     NaN	     NaN	NaN	     NaN
11-Feb-2014	     NaN	     NaN	NaN	     NaN
12-Feb-2014	     NaN	     NaN	NaN	     NaN
13-Feb-2014	  0.5771	 11.9950	NaN	 67.1974
14-Feb-2014	     NaN	     NaN	NaN	     NaN
15-Feb-2014	     NaN	     NaN	NaN	     NaN
16-Feb-2014	     NaN	     NaN	NaN	     NaN
17-Feb-2014	     NaN	     NaN	NaN	     NaN
18-Feb-2014	     NaN	     NaN	NaN	     NaN
19-Feb-2014	     NaN	     NaN	NaN	     NaN
20-Feb-2014	     NaN	     NaN	NaN	     NaN
21-Feb-2014	  0.9208	 10.8869	109	 68.1842
22-Feb-2014	  0.8895	  9.9233	104	 67.9913
23-Feb-2014	  0.8427	 10.0646	107	 67.6695
24-Feb-2014	     NaN	     NaN	NaN	     NaN
25-Feb-2014	     NaN	     NaN	NaN	     NaN
26-Feb-2014	  0.7196	  9.2430	105	 68.9583
27-Feb-2014	  0.7676	  9.6116	102	 69.8866
28-Feb-2014	     NaN	     NaN	NaN	     NaN
01-Mar-2014	  0.8241	 10.7009	108	 62.4519
02-Mar-2014	  0.7964	 10.9435	112	 69.2425
03-Mar-2014	  0.7786	 10.4285	109	 69.0377
04-Mar-2014	  0.7703	 10.7047	107	 69.2404
05-Mar-2014	  0.7086	 10.6786	110	 68.4864
06-Mar-2014	  0.5934	 12.3286	107	 66.7037
07-Mar-2014	  0.6611	  9.8934	108	 69.7329
08-Mar-2014	  0.7406	  9.5488	107	 68.6648
09-Mar-2014	  0.8517	  9.7850	113	 66.6228
10-Mar-2014	  0.8581	 10.4874	121	 63.5306
11-Mar-2014	  0.9621	  9.2714	118	 65.2233
12-Mar-2014	  1.1104	  9.5674	106	 66.3553
13-Mar-2014	  0.9372	  9.9454	112	 66.2820
14-Mar-2014	  0.9788	  8.7695	111	 66.3352
15-Mar-2014	  0.8736	  9.1136	111	 66.2004
16-Mar-2014	  0.8241	  9.9625	108	 65.9930
17-Mar-2014	  0.9287	  9.0371	106	 65.6296
18-Mar-2014	  0.8284	  9.1491	110	 66.8086
19-Mar-2014	  0.8821	  9.0161	112	 67.1563
20-Mar-2014	  0.6231	  9.0628	110	 65.1673
21-Mar-2014	  0.8134	  9.0580	107	 68.8111
22-Mar-2014	  0.8364	  9.4947	110	 68.1208
23-Mar-2014	  0.8699	 11.0254	110	 61.5705
24-Mar-2014	  0.7820	 10.1602	112	 68.4671
25-Mar-2014	  0.8654	  9.4478	116	 62.1737
26-Mar-2014	  0.8225	 10.5124	105	 66.1683
27-Mar-2014	  1.0243	 11.8056	123	 66.3655
28-Mar-2014	  0.7637	 10.7159	119	 65.8238
29-Mar-2014	  1.0167	  9.9846	104	 66.5774
30-Mar-2014	  0.8508	 10.1424	117	 65.0906
31-Mar-2014	  0.6849	 10.5870	111	 67.1926
01-Apr-2014	  0.7439	  9.7842	107	 68.8072
02-Apr-2014	  0.8354	 10.5282	106	 69.1369
03-Apr-2014	  0.6453	 12.6681	106	 60.8432
04-Apr-2014	  0.8290	 10.4075	112	 66.6327
05-Apr-2014	  0.8540	 10.5821	117	 65.8818
06-Apr-2014	  0.8780	 11.1404	113	 65.1730
07-Apr-2014	  1.1411	 11.7735	108	 63.9596
08-Apr-2014	  1.0397	 10.8805	123	 61.9925
09-Apr-2014	  1.0371	  8.6269	109	 64.6377
10-Apr-2014	  0.9539	  7.3287	NaN	 64.3751
11-Apr-2014	  0.8395	  9.8658	108	 64.7014
12-Apr-2014	  1.0115	 10.2302	107	 63.7577
13-Apr-2014	  0.7759	  9.3846	109	 64.2281
14-Apr-2014	  0.8610	  9.0257	110	 65.4445
15-Apr-2014	  0.8575	  9.2748	108	 68.4548
16-Apr-2014	  0.9637	 10.0600	106	 66.2169
17-Apr-2014	  0.9790	 10.1895	110	 67.3497
18-Apr-2014	  0.8117	 10.5462	107	 65.8647
19-Apr-2014	  0.5862	  9.1542	107	 64.8027
20-Apr-2014	  0.8895	 11.1899	102	 64.8939
21-Apr-2014	  0.7212	  9.5063	106	 65.8493
22-Apr-2014	  0.7610	  9.6347	115	 68.2313
23-Apr-2014	  0.6811	  9.3038	117	 67.9676
24-Apr-2014	  0.6584	  9.9142	108	 66.7927
25-Apr-2014	  0.6801	  9.4931	122	 67.8776
26-Apr-2014	  0.8996	  9.8684	109	 68.2369
27-Apr-2014	  0.7275	  9.2853	113	 67.2900
28-Apr-2014	  0.8347	  9.6445	114	 69.1855
29-Apr-2014	  0.7298	  9.3013	109	 68.7402
30-Apr-2014	  0.7780	  9.5150	105	 69.8534
01-May-2014	  0.6940	  9.5239	106	 68.6011
02-May-2014	  0.7600	  9.0115	114	 66.2155
03-May-2014	  0.7320	  9.0709	116	 68.0214
04-May-2014	  0.6369	  9.1041	109	 68.4520
05-May-2014	  0.7211	  8.8740	118	 68.0895
06-May-2014	  0.7113	  9.4571	121	 66.9397
07-May-2014	  0.6522	  9.4233	76	 68.8170
08-May-2014	  0.6913	  9.2538	101	 67.3424
09-May-2014	  0.9405	 11.1247	109	 64.0338
10-May-2014	  1.6667	 11.4911	107	 60.3715
11-May-2014	  0.8497	  9.9524	107	 58.8877
12-May-2014	  1.4363	 10.7810	108	 58.9055
13-May-2014	  1.3597	 10.8158	106	 58.0995
14-May-2014	  1.3737	 10.8655	113	 57.6415
15-May-2014	  1.0238	  9.4264	110	 58.5849
16-May-2014	  0.8490	  9.7572	110	 60.8941
17-May-2014	  0.7926	  9.8159	106	 64.5599
18-May-2014	  0.9150	  9.7956	105	 63.9509
19-May-2014	  1.0328	  9.6807	109	 63.9017
20-May-2014	  0.7395	  9.6272	109	 62.7738
21-May-2014	  0.9296	  9.5386	109	 61.7681
22-May-2014	  1.0576	  8.8228	114	 62.9132
23-May-2014	     NaN	     NaN	NaN	     NaN
24-May-2014	     NaN	     NaN	NaN	     NaN
25-May-2014	     NaN	     NaN	NaN	     NaN
26-May-2014	     NaN	     NaN	NaN	     NaN
27-May-2014	     NaN	     NaN	NaN	     NaN
28-May-2014	     NaN	     NaN	NaN	     NaN
29-May-2014	     NaN	     NaN	NaN	     NaN
30-May-2014	     NaN	     NaN	NaN	     NaN
31-May-2014	     NaN	     NaN	NaN	     NaN
01-Jun-2014	     NaN	     NaN	NaN	     NaN
02-Jun-2014	     NaN	     NaN	NaN	     NaN
03-Jun-2014	     NaN	     NaN	NaN	     NaN
04-Jun-2014	     NaN	     NaN	NaN	     NaN
05-Jun-2014	     NaN	     NaN	NaN	     NaN
06-Jun-2014	     NaN	     NaN	NaN	     NaN
07-Jun-2014	     NaN	     NaN	NaN	     NaN
08-Jun-2014	     NaN	     NaN	NaN	     NaN
09-Jun-2014	     NaN	     NaN	NaN	     NaN
10-Jun-2014	     NaN	     NaN	NaN	     NaN
11-Jun-2014	     NaN	     NaN	NaN	     NaN
12-Jun-2014	     NaN	     NaN	NaN	     NaN
13-Jun-2014	     NaN	     NaN	NaN	     NaN
14-Jun-2014	     NaN	     NaN	NaN	     NaN
15-Jun-2014	     NaN	     NaN	NaN	     NaN
16-Jun-2014	     NaN	     NaN	NaN	     NaN
17-Jun-2014	     NaN	     NaN	NaN	     NaN
18-Jun-2014	     NaN	     NaN	NaN	     NaN
19-Jun-2014	     NaN	     NaN	NaN	     NaN
20-Jun-2014	     NaN	     NaN	NaN	     NaN
21-Jun-2014	     NaN	     NaN	NaN	     NaN
22-Jun-2014	     NaN	     NaN	NaN	     NaN
23-Jun-2014	     NaN	     NaN	NaN	     NaN
24-Jun-2014	     NaN	     NaN	NaN	     NaN
25-Jun-2014	     NaN	     NaN	NaN	     NaN
26-Jun-2014	     NaN	     NaN	NaN	     NaN
27-Jun-2014	     NaN	     NaN	NaN	     NaN
28-Jun-2014	     NaN	     NaN	NaN	     NaN
29-Jun-2014	     NaN	     NaN	NaN	     NaN
30-Jun-2014	     NaN	     NaN	NaN	     NaN
01-Jul-2014	     NaN	     NaN	NaN	     NaN
02-Jul-2014	     NaN	     NaN	NaN	     NaN
03-Jul-2014	     NaN	     NaN	NaN	     NaN
04-Jul-2014	     NaN	     NaN	NaN	     NaN
05-Jul-2014	     NaN	     NaN	NaN	     NaN
06-Jul-2014	     NaN	     NaN	NaN	     NaN
07-Jul-2014	     NaN	     NaN	NaN	     NaN
08-Jul-2014	     NaN	     NaN	NaN	     NaN
09-Jul-2014	     NaN	     NaN	NaN	     NaN
10-Jul-2014	     NaN	     NaN	NaN	     NaN
11-Jul-2014	     NaN	     NaN	NaN	     NaN
12-Jul-2014	     NaN	     NaN	NaN	     NaN
13-Jul-2014	     NaN	     NaN	NaN	     NaN
14-Jul-2014	     NaN	     NaN	NaN	     NaN
15-Jul-2014	     NaN	     NaN	NaN	     NaN
16-Jul-2014	     NaN	     NaN	NaN	     NaN
17-Jul-2014	  2.0181	  9.0645	108	 51.9998
18-Jul-2014	  1.0464	  9.8431	121	 60.0167
19-Jul-2014	  0.9323	 10.7902	115	 56.4305
20-Jul-2014	     NaN	     NaN	NaN	     NaN
21-Jul-2014	     NaN	     NaN	NaN	     NaN
22-Jul-2014	     NaN	     NaN	NaN	     NaN
23-Jul-2014	  1.0531	 12.0861	109	 56.3516
24-Jul-2014	  0.8415	 11.2563	111	 58.6240
25-Jul-2014	  0.9977	 10.6650	107	 59.3282
26-Jul-2014	  1.0484	 10.2488	111	 59.3752
27-Jul-2014	  0.9189	  8.8686	114	 62.1873
28-Jul-2014	  0.7407	 10.0029	110	 59.8990
29-Jul-2014	  1.0322	 10.8645	103	 58.5576
30-Jul-2014	  0.9830	 10.1038	107	 59.6960
31-Jul-2014	  1.1070	  9.8521	109	 59.0439
01-Aug-2014	  0.7853	 10.8397	110	 59.0245
02-Aug-2014	  1.0903	  9.6391	109	 58.4863
03-Aug-2014	  1.2359	  8.9745	115	 60.7720
04-Aug-2014	  0.7763	 12.8084	107	 60.0612
05-Aug-2014	  0.8861	 11.9054	115	 57.4429
06-Aug-2014	  0.8364	  9.6072	113	 59.0485
07-Aug-2014	  0.9322	  8.4959	117	 60.4595
08-Aug-2014	  1.1619	  8.5122	113	 61.3725
09-Aug-2014	     NaN	     NaN	NaN	     NaN
10-Aug-2014	  0.9436	  8.8573	110	 63.1189
11-Aug-2014	  1.0823	 10.0790	118	 56.1903
12-Aug-2014	  0.8894	 10.7962	110	 57.7235
13-Aug-2014	  0.8059	 10.0446	105	 62.1523
14-Aug-2014	  1.0167	 10.7440	106	 64.0613
15-Aug-2014	  1.0325	 10.9150	110	 63.2802
16-Aug-2014	  0.7709	 11.6390	106	 62.8300
17-Aug-2014	  1.1074	 10.3957	104	     NaN
18-Aug-2014	  0.9616	 10.9250	111	 66.5612
19-Aug-2014	  0.8541	  8.8407	110	 65.6250
20-Aug-2014	  0.8401	 11.3612	114	 64.0055
21-Aug-2014	  1.4553	 12.1212	111	 60.8005
22-Aug-2014	  1.0613	 11.7272	109	 60.4100
23-Aug-2014	  0.9292	 11.6879	107	 64.1579
24-Aug-2014	  1.0254	 10.9341	112	 64.3894
25-Aug-2014	  1.0721	 13.9256	109	 59.3328
26-Aug-2014	  0.8102	 10.4322	114	 56.3389
27-Aug-2014	  1.0170	  9.0016	108	 56.6961
28-Aug-2014	  1.0499	 11.3761	118	 55.2947
29-Aug-2014	  1.0244	 12.2387	95	 57.3921
30-Aug-2014	  1.0434	 11.3219	111	 57.3034
31-Aug-2014	  0.9997	 12.3061	104	 56.6412
01-Sep-2014	  0.9123	  9.9465	112	 53.0783
02-Sep-2014	  0.9628	 10.5157	105	 55.2176
03-Sep-2014	  0.9897	 11.0935	110	 54.7699
04-Sep-2014	  0.9087	 11.4556	115	 57.3733
05-Sep-2014	  1.0869	 11.5366	116	 59.6296
06-Sep-2014	  0.9381	 10.9160	119	 59.3288
07-Sep-2014	  0.8258	 10.9527	116	 62.1642
08-Sep-2014	  0.6751	 12.5566	114	 66.2928
09-Sep-2014	  0.9923	 12.5793	112	 64.4333
10-Sep-2014	     NaN	     NaN	NaN	     NaN
11-Sep-2014	  0.7981	  9.5743	105	 64.6711
12-Sep-2014	  0.7471	  9.9464	102	 66.0900
13-Sep-2014	  0.8748	  9.2517	110	 63.0874
14-Sep-2014	  0.8317	  9.3112	108	 65.2743
15-Sep-2014	  0.8100	  9.6494	112	 66.0848
16-Sep-2014	  0.7189	 10.3932	118	 63.2210
17-Sep-2014	  0.7963	  9.7033	108	 63.1009
18-Sep-2014	  0.7482	  9.5824	106	 63.4031
19-Sep-2014	  0.8004	  9.4415	96	 64.1022
20-Sep-2014	  0.7965	 11.3347	114	 64.1116
21-Sep-2014	  0.6927	 10.2038	110	 65.2035
22-Sep-2014	     NaN	     NaN	NaN	     NaN
23-Sep-2014	     NaN	     NaN	NaN	     NaN
24-Sep-2014	     NaN	     NaN	NaN	     NaN
25-Sep-2014	     NaN	     NaN	NaN	     NaN
26-Sep-2014	     NaN	     NaN	NaN	     NaN
27-Sep-2014	     NaN	     NaN	NaN	     NaN
28-Sep-2014	     NaN	     NaN	NaN	     NaN
29-Sep-2014	     NaN	     NaN	NaN	     NaN
30-Sep-2014	     NaN	     NaN	NaN	     NaN
01-Oct-2014	     NaN	     NaN	NaN	     NaN
02-Oct-2014	     NaN	     NaN	NaN	     NaN
03-Oct-2014	     NaN	     NaN	NaN	     NaN
04-Oct-2014	     NaN	     NaN	NaN	     NaN
05-Oct-2014	     NaN	     NaN	NaN	     NaN
06-Oct-2014	     NaN	     NaN	NaN	     NaN
07-Oct-2014	  0.8030	 10.2522	113	 58.2914
08-Oct-2014	     NaN	     NaN	NaN	     NaN
09-Oct-2014	  0.9348	  9.5804	99	 64.9665
10-Oct-2014	     NaN	     NaN	NaN	     NaN
11-Oct-2014	  0.6947	 10.4082	115	 65.6506
12-Oct-2014	  0.7788	 10.4055	112	 65.3989
13-Oct-2014	  0.8041	  9.4598	106	 64.1668
14-Oct-2014	  1.1614	 11.0455	99	 62.9705
15-Oct-2014	  1.0528	 11.2836	111	 63.0046
16-Oct-2014	  0.9467	 11.1545	120	 63.8897
17-Oct-2014	  0.9227	 10.7818	104	 63.5985
18-Oct-2014	  0.7601	  8.6903	124	 64.5407
19-Oct-2014	  0.7215	  9.2084	114	 65.5716
20-Oct-2014	  0.8298	  9.4117	110	 63.3637
21-Oct-2014	     NaN	     NaN	NaN	     NaN
22-Oct-2014	  0.7007	 11.0510	109	 63.8084
23-Oct-2014	  0.7580	 10.9265	109	 64.7525
24-Oct-2014	  0.7962	  9.8286	111	 65.8107
25-Oct-2014	     NaN	     NaN	NaN	     NaN
26-Oct-2014	  0.7950	  8.3808	141	 63.1465
27-Oct-2014	     NaN	     NaN	NaN	     NaN
28-Oct-2014	     NaN	     NaN	NaN	     NaN
29-Oct-2014	  0.7735	  8.3356	113	 67.9921
30-Oct-2014	     NaN	     NaN	NaN	     NaN
31-Oct-2014	  0.8677	  8.8341	112	 64.3287
01-Nov-2014	  0.9368	  9.3337	107	 61.2686
02-Nov-2014	  1.1290	 11.1960	111	 58.5494
03-Nov-2014	  0.8436	 11.5728	101	 59.5959
04-Nov-2014	  0.6886	 12.8645	118	 58.3421
05-Nov-2014	     NaN	     NaN	NaN	     NaN
06-Nov-2014	  0.7535	 10.0897	105	 62.1148
07-Nov-2014	     NaN	     NaN	NaN	     NaN
08-Nov-2014	  0.8260	  9.2382	107	 64.9845
09-Nov-2014	     NaN	     NaN	NaN	     NaN
10-Nov-2014	     NaN	     NaN	NaN	     NaN
11-Nov-2014	  0.7882	  9.3464	113	 63.4437
12-Nov-2014	  0.7781	  9.3522	103	 63.6205
13-Nov-2014	  0.6287	  9.3731	126	 62.6915
14-Nov-2014	  0.6831	  8.8789	107	 63.7761
15-Nov-2014	  0.7376	  8.6899	109	 65.4861
16-Nov-2014	  0.7518	  8.2167	111	 65.2561
17-Nov-2014	  0.7946	  8.9893	110	 64.0058
18-Nov-2014	  0.7998	  8.6164	111	 63.9987
19-Nov-2014	  0.8299	 10.1263	108	 62.8402
20-Nov-2014	  0.7880	 11.3328	110	 60.4922
21-Nov-2014	  0.9535	 10.0905	116	 60.9197
22-Nov-2014	  0.9233	  9.9746	106	 63.6608
23-Nov-2014	  0.8437	  9.7096	106	 63.1787
24-Nov-2014	  0.9916	 10.5882	88	 62.3927
25-Nov-2014	     NaN	     NaN	NaN	     NaN
26-Nov-2014	     NaN	     NaN	NaN	     NaN
27-Nov-2014	     NaN	     NaN	NaN	     NaN
28-Nov-2014	  0.9809	  9.1595	99	 63.7940
29-Nov-2014	  0.8204	  8.7445	109	 63.8509
30-Nov-2014	  0.7460	  8.7331	108	 62.9664
01-Dec-2014	  0.7755	 10.0832	112	 63.9198
02-Dec-2014	  0.7026	  9.7343	114	 64.6810
03-Dec-2014	  0.7438	 10.0267	108	 64.7836
04-Dec-2014	  0.7709	  9.0997	110	 66.9763
05-Dec-2014	  0.7151	  9.5969	109	 67.5674
06-Dec-2014	  0.7758	  9.8276	106	 64.2103
07-Dec-2014	  0.9068	 10.4174	109	 64.2579
08-Dec-2014	  0.7943	  8.8381	115	 63.1069
09-Dec-2014	  0.7507	  9.1008	100	 65.9188
10-Dec-2014	  0.7880	  9.5054	100	 65.8524
11-Dec-2014	  0.5802	 10.0735	118	 63.0149
12-Dec-2014	  0.6647	  9.5237	111	 66.0460
13-Dec-2014	  0.6876	  9.4308	110	 65.6119
14-Dec-2014	  0.6308	  9.0438	110	 65.0298
15-Dec-2014	  0.6417	  9.4351	112	 64.3653
16-Dec-2014	  0.6422	  9.3887	111	 64.3091
17-Dec-2014	     NaN	     NaN	NaN	     NaN
18-Dec-2014	  0.7126	 11.1165	113	 62.7131
19-Dec-2014	  0.7007	 10.8750	107	 65.0759
20-Dec-2014	  0.8648	 11.2899	109	 66.0764
21-Dec-2014	  0.7898	 10.1320	111	 64.4274
22-Dec-2014	  0.7689	  9.9633	105	 65.6530
23-Dec-2014	  0.7083	  9.1920	114	 66.6409
24-Dec-2014	  0.6654	  9.5710	104	 66.2371
25-Dec-2014	  0.6346	  9.6609	105	 65.6766
26-Dec-2014	  0.6305	  9.0241	107	 65.7994
27-Dec-2014	  0.6362	  9.1098	106	 64.9669
28-Dec-2014	  0.6139	  9.2955	108	 64.7597
29-Dec-2014	  0.6416	 10.9771	107	 63.3952
30-Dec-2014	  0.6662	 11.6331	108	 63.3197
31-Dec-2014	  0.6271	 10.1304	115	 65.2894
01-Jan-2015	  0.6772	  9.5335	110	 65.6756
02-Jan-2015	  0.6182	  9.0524	103	 66.1861
03-Jan-2015	  0.6232	  9.1365	111	 68.1174
04-Jan-2015	  0.6234	  9.1187	108	 66.7189
05-Jan-2015	  0.6188	  9.2747	105	 66.6118
06-Jan-2015	  0.6293	  9.0877	110	 66.5427
07-Jan-2015	  0.6199	  9.2513	107	 67.3354
08-Jan-2015	  0.6041	  9.4967	109	 66.9967
09-Jan-2015	  0.6418	  8.9339	106	 67.6684
10-Jan-2015	  0.6049	 10.4429	111	 65.5178
11-Jan-2015	  0.6083	 10.3629	115	 65.2473
12-Jan-2015	  0.5943	 10.0356	110	 64.7834
13-Jan-2015	  0.5841	  9.7543	106	 64.6273
14-Jan-2015	  0.5642	  9.2230	108	 65.4851
15-Jan-2015	     NaN	     NaN	NaN	     NaN
16-Jan-2015	     NaN	     NaN	NaN	     NaN
17-Jan-2015	     NaN	     NaN	NaN	     NaN
18-Jan-2015	     NaN	     NaN	NaN	     NaN
19-Jan-2015	     NaN	     NaN	NaN	     NaN
20-Jan-2015	     NaN	     NaN	NaN	     NaN
21-Jan-2015	     NaN	     NaN	NaN	     NaN
22-Jan-2015	     NaN	     NaN	NaN	     NaN
23-Jan-2015	     NaN	     NaN	NaN	     NaN
24-Jan-2015	  0.7742	  9.0681	108	 65.3341
25-Jan-2015	  0.7296	  9.7158	104	 63.1958
26-Jan-2015	  0.7079	  9.8831	104	 63.2662
27-Jan-2015	  0.6954	  9.7613	108	 63.0307
28-Jan-2015	  0.7659	  9.6385	109	 61.7477
29-Jan-2015	     NaN	     NaN	NaN	     NaN
30-Jan-2015	  0.6801	 10.9736	109	 61.3682
31-Jan-2015	  0.7635	 10.9721	110	 61.3684
01-Feb-2015	  0.7297	 11.6000	106	 61.2759
02-Feb-2015	  0.6880	 10.9830	107	 62.1017
03-Feb-2015	  0.7364	 11.3512	103	 61.9497
04-Feb-2015	  0.7829	 12.3691	102	 60.6654
05-Feb-2015	  0.7319	 11.8840	103	 60.8255
06-Feb-2015	  0.7074	 12.0501	114	 59.8183
07-Feb-2015	  0.7201	 11.5188	109	 61.6506
08-Feb-2015	  0.7407	 10.9221	105	 62.3840
09-Feb-2015	  0.7945	 10.7112	108	 62.5144
10-Feb-2015	  0.6252	  9.1841	113	 63.4951
11-Feb-2015	  0.6220	  9.3176	104	 62.8495
12-Feb-2015	  0.6286	  9.4422	109	 63.0770
13-Feb-2015	  0.7611	 10.0500	112	 62.1257
14-Feb-2015	  0.7798	  9.8283	110	 60.3336
15-Feb-2015	  0.7422	  9.5270	110	 62.2697
16-Feb-2015	  0.7296	  9.5346	108	 62.8819
17-Feb-2015	  0.7181	 10.3583	113	 62.0544
18-Feb-2015	  0.7559	  9.1256	114	 63.5923
19-Feb-2015	  0.6629	  8.8655	110	 65.2688
20-Feb-2015	     NaN	     NaN	NaN	     NaN
21-Feb-2015	     NaN	     NaN	NaN	     NaN
22-Feb-2015	     NaN	     NaN	NaN	     NaN
23-Feb-2015	     NaN	     NaN	NaN	     NaN
24-Feb-2015	  0.6998	  9.0891	109	 63.3637
25-Feb-2015	  0.6731	  9.7943	108	 62.7910
26-Feb-2015	     NaN	     NaN	NaN	     NaN
27-Feb-2015	     NaN	     NaN	NaN	     NaN
28-Feb-2015	     NaN	     NaN	NaN	     NaN
01-Mar-2015	     NaN	     NaN	NaN	     NaN
02-Mar-2015	     NaN	     NaN	NaN	     NaN
03-Mar-2015	     NaN	     NaN	NaN	     NaN
04-Mar-2015	     NaN	     NaN	NaN	     NaN
05-Mar-2015	     NaN	     NaN	NaN	     NaN
06-Mar-2015	     NaN	     NaN	NaN	     NaN
07-Mar-2015	     NaN	     NaN	NaN	     NaN
08-Mar-2015	     NaN	     NaN	NaN	     NaN
09-Mar-2015	     NaN	     NaN	NaN	     NaN
10-Mar-2015	     NaN	     NaN	NaN	     NaN
11-Mar-2015	     NaN	     NaN	NaN	     NaN
12-Mar-2015	     NaN	     NaN	NaN	     NaN
13-Mar-2015	     NaN	     NaN	NaN	     NaN
14-Mar-2015	     NaN	     NaN	NaN	     NaN
15-Mar-2015	     NaN	     NaN	NaN	     NaN
16-Mar-2015	     NaN	     NaN	NaN	     NaN
17-Mar-2015	     NaN	     NaN	NaN	     NaN
18-Mar-2015	     NaN	     NaN	NaN	     NaN
19-Mar-2015	     NaN	     NaN	NaN	     NaN
20-Mar-2015	  0.7222	  9.2448	108	 54.7666
21-Mar-2015	  0.8379	  9.1748	104	 62.8480
22-Mar-2015	  0.6890	  9.6130	108	 63.1430
23-Mar-2015	  0.6122	  9.7055	110	 61.2011
24-Mar-2015	  0.8306	  8.8193	106	 59.8536
25-Mar-2015	  0.7109	  8.8773	108	 62.5346
26-Mar-2015	  0.7552	  8.7848	111	 62.7952
27-Mar-2015	  0.7643	  8.9791	106	 62.1977
28-Mar-2015	  0.7688	  9.5790	112	 61.4723
29-Mar-2015	  0.7850	  9.0313	99	 58.2979
30-Mar-2015	  0.7446	  8.9672	101	 62.7931
31-Mar-2015	  0.6946	  9.9910	110	 62.3418
01-Apr-2015	  0.6866	 10.1129	106	 62.1664
02-Apr-2015	  0.7168	  9.7535	105	 62.9110
03-Apr-2015	  0.7580	  9.2480	102	 62.2863
04-Apr-2015	  0.7633	  9.8252	111	 62.9550
05-Apr-2015	     NaN	     NaN	NaN	     NaN
06-Apr-2015	     NaN	     NaN	NaN	     NaN
07-Apr-2015	     NaN	     NaN	NaN	     NaN
08-Apr-2015	     NaN	     NaN	NaN	     NaN
09-Apr-2015	     NaN	     NaN	NaN	     NaN
10-Apr-2015	     NaN	     NaN	NaN	     NaN
11-Apr-2015	     NaN	     NaN	NaN	     NaN
12-Apr-2015	     NaN	     NaN	NaN	     NaN
13-Apr-2015	     NaN	     NaN	NaN	     NaN
14-Apr-2015	     NaN	     NaN	NaN	     NaN
15-Apr-2015	     NaN	     NaN	NaN	     NaN
16-Apr-2015	     NaN	     NaN	NaN	     NaN
17-Apr-2015	     NaN	     NaN	NaN	     NaN
18-Apr-2015	     NaN	     NaN	NaN	     NaN
19-Apr-2015	     NaN	     NaN	NaN	     NaN
20-Apr-2015	     NaN	     NaN	NaN	     NaN
21-Apr-2015	     NaN	     NaN	NaN	     NaN
22-Apr-2015	     NaN	     NaN	NaN	     NaN
23-Apr-2015	     NaN	     NaN	NaN	     NaN
24-Apr-2015	  0.7497	  8.7219	113	 62.5909
25-Apr-2015	  0.7505	  8.5921	107	 63.1606
26-Apr-2015	  0.7753	  8.4825	116	 62.3494
27-Apr-2015	  0.6841	  8.6676	109	 62.8868
28-Apr-2015	  0.8036	  9.0533	112	 63.1531
29-Apr-2015	     NaN	     NaN	NaN	     NaN
30-Apr-2015	     NaN	     NaN	NaN	     NaN
01-May-2015	     NaN	     NaN	NaN	     NaN
02-May-2015	  0.7512	  8.9652	107	 58.8531
03-May-2015	  0.9391	  9.4005	108	 59.5266
04-May-2015	  0.7411	  9.0512	107	 59.4929
05-May-2015	  0.8055	  9.1036	107	 61.1189
06-May-2015	  0.7686	  9.1920	105	 61.7538
07-May-2015	  0.8396	  9.5884	109	 61.2356
08-May-2015	  0.9172	  9.9734	116	 62.5087
09-May-2015	  0.7788	  9.9614	112	 62.9958
10-May-2015	  0.8794	 10.3029	106	 60.0695
11-May-2015	  0.8055	 11.7399	114	 59.4195
12-May-2015	     NaN	     NaN	NaN	     NaN
13-May-2015	     NaN	     NaN	NaN	     NaN
14-May-2015	  0.6770	  9.7607	104	 62.0882
15-May-2015	  0.6895	  9.3968	107	 63.0061
16-May-2015	  0.7209	 10.0313	107	 65.3466
17-May-2015	  0.7728	  9.3867	106	 62.1011
18-May-2015	     NaN	     NaN	NaN	     NaN
19-May-2015	  0.7956	  8.7247	101	     NaN
20-May-2015	  0.7653	  9.0039	103	 51.9028
21-May-2015	  0.7507	  9.4813	107	 67.4620
22-May-2015	  0.7253	  9.0744	112	 63.1215
23-May-2015	  0.6891	  9.7696	110	 61.9496
24-May-2015	  0.7515	  9.1066	108	 63.3174
25-May-2015	  0.7600	 10.1488	118	 61.7540
26-May-2015	  0.8191	  9.9323	100	 59.6962
27-May-2015	     NaN	     NaN	NaN	     NaN
28-May-2015	  0.7244	  9.6588	113	 60.2942
29-May-2015	     NaN	     NaN	NaN	     NaN
30-May-2015	     NaN	     NaN	NaN	     NaN
31-May-2015	     NaN	     NaN	NaN	     NaN
01-Jun-2015	     NaN	     NaN	NaN	     NaN
02-Jun-2015	     NaN	     NaN	NaN	     NaN
03-Jun-2015	     NaN	     NaN	NaN	     NaN
04-Jun-2015	     NaN	     NaN	NaN	     NaN
05-Jun-2015	     NaN	     NaN	NaN	     NaN
06-Jun-2015	     NaN	     NaN	NaN	     NaN
07-Jun-2015	     NaN	     NaN	NaN	     NaN
08-Jun-2015	     NaN	     NaN	NaN	     NaN
09-Jun-2015	     NaN	     NaN	NaN	     NaN
10-Jun-2015	     NaN	     NaN	NaN	     NaN
11-Jun-2015	     NaN	     NaN	NaN	     NaN
12-Jun-2015	     NaN	     NaN	NaN	     NaN
13-Jun-2015	     NaN	     NaN	NaN	     NaN
14-Jun-2015	     NaN	     NaN	NaN	     NaN
15-Jun-2015	     NaN	     NaN	NaN	     NaN
16-Jun-2015	     NaN	     NaN	NaN	     NaN
17-Jun-2015	     NaN	     NaN	NaN	     NaN
18-Jun-2015	     NaN	     NaN	NaN	     NaN
19-Jun-2015	     NaN	     NaN	NaN	     NaN
20-Jun-2015	     NaN	     NaN	NaN	     NaN
21-Jun-2015	     NaN	     NaN	NaN	     NaN
22-Jun-2015	     NaN	     NaN	NaN	     NaN
23-Jun-2015	     NaN	     NaN	NaN	     NaN
24-Jun-2015	     NaN	     NaN	NaN	     NaN
25-Jun-2015	     NaN	     NaN	NaN	     NaN
26-Jun-2015	     NaN	     NaN	NaN	     NaN
27-Jun-2015	     NaN	     NaN	NaN	     NaN
28-Jun-2015	     NaN	     NaN	NaN	     NaN
29-Jun-2015	     NaN	     NaN	NaN	     NaN
30-Jun-2015	     NaN	     NaN	NaN	     NaN
01-Jul-2015	     NaN	     NaN	NaN	     NaN
02-Jul-2015	     NaN	     NaN	NaN	     NaN
03-Jul-2015	  0.6648	 10.1487	91	 56.9497
04-Jul-2015	     NaN	     NaN	NaN	     NaN
05-Jul-2015	     NaN	     NaN	NaN	     NaN
06-Jul-2015	     NaN	     NaN	NaN	     NaN
07-Jul-2015	     NaN	     NaN	NaN	     NaN
08-Jul-2015	  0.7418	 11.1313	102	 58.6449
09-Jul-2015	     NaN	     NaN	NaN	     NaN
10-Jul-2015	  0.6817	  9.5511	93	 65.1324
11-Jul-2015	  0.6424	 11.5657	109	 61.3317
12-Jul-2015	  0.6829	 11.0278	111	 61.4541
13-Jul-2015	     NaN	     NaN	NaN	     NaN
14-Jul-2015	     NaN	     NaN	NaN	     NaN
15-Jul-2015	     NaN	     NaN	NaN	     NaN
16-Jul-2015	     NaN	     NaN	NaN	     NaN
17-Jul-2015	  1.0442	  9.0779	105	 59.2227
18-Jul-2015	  0.9490	  9.5040	102	 59.6044
19-Jul-2015	  1.0733	  9.7141	112	 58.3934
20-Jul-2015	  0.8076	 10.3286	116	 57.2856
21-Jul-2015	  0.8459	 10.3892	125	 58.2646
22-Jul-2015	  0.9765	 11.1694	108	 59.5023
23-Jul-2015	  0.9097	 12.1922	114	 59.3190
24-Jul-2015	  0.9173	 12.6485	112	 57.7652
25-Jul-2015	  1.2810	 11.9151	116	 55.0677
26-Jul-2015	  1.2303	 11.3312	110	 54.1341
27-Jul-2015	  0.7733	 12.3262	120	 55.1439
28-Jul-2015	  1.0896	 12.0865	105	 54.8027
29-Jul-2015	  1.2511	 11.7360	114	 54.4887
30-Jul-2015	  1.0140	 11.4001	101	 55.4647
31-Jul-2015	  0.9503	 12.3905	115	 57.0326
01-Aug-2015	  1.0050	 12.2123	103	 55.3798
02-Aug-2015	  0.7861	 12.8504	108	 56.5113
03-Aug-2015	     NaN	     NaN	NaN	     NaN
04-Aug-2015	     NaN	     NaN	NaN	     NaN
05-Aug-2015	  1.2026	  9.2439	109	 60.9952
06-Aug-2015	  1.0294	 11.6762	107	 57.1863
07-Aug-2015	  0.9885	 11.2949	115	 57.7509
08-Aug-2015	  1.0716	 10.8025	111	 56.8076
09-Aug-2015	  1.2648	 10.5367	105	 55.0961
10-Aug-2015	  1.1098	 10.2337	108	 54.9260
11-Aug-2015	  0.9910	 11.0826	108	 55.2535
12-Aug-2015	  1.1488	 11.4394	115	 54.8177
13-Aug-2015	  0.9713	 10.3330	114	 54.9874
14-Aug-2015	     NaN	     NaN	NaN	     NaN
15-Aug-2015	     NaN	     NaN	NaN	     NaN
16-Aug-2015	     NaN	     NaN	NaN	     NaN
17-Aug-2015	     NaN	     NaN	NaN	     NaN
18-Aug-2015	     NaN	     NaN	NaN	     NaN
19-Aug-2015	     NaN	     NaN	NaN	     NaN
20-Aug-2015	     NaN	     NaN	NaN	     NaN
21-Aug-2015	     NaN	     NaN	NaN	     NaN
22-Aug-2015	     NaN	     NaN	NaN	     NaN
23-Aug-2015	     NaN	     NaN	NaN	     NaN
24-Aug-2015	     NaN	     NaN	NaN	     NaN
25-Aug-2015	     NaN	     NaN	NaN	     NaN
26-Aug-2015	     NaN	     NaN	NaN	     NaN
27-Aug-2015	     NaN	     NaN	NaN	     NaN
28-Aug-2015	     NaN	     NaN	NaN	     NaN
29-Aug-2015	     NaN	     NaN	NaN	     NaN
30-Aug-2015	     NaN	     NaN	NaN	     NaN
31-Aug-2015	     NaN	     NaN	NaN	     NaN
01-Sep-2015	     NaN	     NaN	NaN	     NaN
02-Sep-2015	     NaN	     NaN	NaN	     NaN
03-Sep-2015	     NaN	     NaN	NaN	     NaN
04-Sep-2015	  1.0931	 10.1489	112	 63.8019
05-Sep-2015	  0.7467	 10.8632	108	 61.0235
06-Sep-2015	  0.6725	 10.9587	103	 60.7771
07-Sep-2015	  0.6317	 12.5623	107	 60.1371
08-Sep-2015	  0.6488	 13.2412	106	 60.3241
09-Sep-2015	     NaN	     NaN	NaN	     NaN
10-Sep-2015	     NaN	     NaN	NaN	     NaN
11-Sep-2015	     NaN	     NaN	NaN	     NaN
12-Sep-2015	     NaN	     NaN	NaN	     NaN
13-Sep-2015	     NaN	     NaN	NaN	     NaN
14-Sep-2015	     NaN	     NaN	NaN	     NaN
15-Sep-2015	     NaN	     NaN	NaN	     NaN
16-Sep-2015	     NaN	     NaN	NaN	     NaN
17-Sep-2015	     NaN	     NaN	NaN	     NaN
18-Sep-2015	     NaN	     NaN	NaN	     NaN
19-Sep-2015	     NaN	     NaN	NaN	     NaN
20-Sep-2015	     NaN	     NaN	NaN	     NaN
21-Sep-2015	     NaN	     NaN	NaN	     NaN
22-Sep-2015	     NaN	     NaN	NaN	     NaN
23-Sep-2015	     NaN	     NaN	NaN	     NaN
24-Sep-2015	     NaN	     NaN	NaN	     NaN
25-Sep-2015	  0.6064	 13.1172	100	 58.5274
26-Sep-2015	  0.6730	 11.5613	112	 61.6013
27-Sep-2015	  0.7461	 12.6028	118	 60.5993
28-Sep-2015	     NaN	     NaN	NaN	     NaN
29-Sep-2015	     NaN	     NaN	NaN	     NaN
30-Sep-2015	     NaN	     NaN	NaN	     NaN
01-Oct-2015	     NaN	     NaN	NaN	     NaN
02-Oct-2015	     NaN	     NaN	NaN	     NaN
03-Oct-2015	     NaN	     NaN	NaN	     NaN
04-Oct-2015	  0.5856	 12.8863	108	 54.5778
05-Oct-2015	     NaN	     NaN	NaN	     NaN
06-Oct-2015	     NaN	     NaN	NaN	     NaN
07-Oct-2015	     NaN	     NaN	NaN	     NaN
08-Oct-2015	     NaN	     NaN	NaN	     NaN
09-Oct-2015	     NaN	     NaN	NaN	     NaN
10-Oct-2015	     NaN	     NaN	NaN	     NaN
11-Oct-2015	     NaN	     NaN	NaN	     NaN
12-Oct-2015	     NaN	     NaN	NaN	     NaN
13-Oct-2015	     NaN	     NaN	NaN	     NaN
14-Oct-2015	     NaN	     NaN	NaN	     NaN
15-Oct-2015	     NaN	     NaN	NaN	     NaN
16-Oct-2015	     NaN	     NaN	NaN	     NaN
17-Oct-2015	     NaN	     NaN	NaN	     NaN
18-Oct-2015	     NaN	     NaN	NaN	     NaN
19-Oct-2015	  0.6672	  9.6743	105	 64.3043
20-Oct-2015	     NaN	     NaN	NaN	     NaN
21-Oct-2015	     NaN	     NaN	NaN	     NaN
22-Oct-2015	     NaN	     NaN	NaN	     NaN
23-Oct-2015	     NaN	     NaN	NaN	     NaN
24-Oct-2015	     NaN	     NaN	NaN	     NaN
25-Oct-2015	     NaN	     NaN	NaN	     NaN
26-Oct-2015	     NaN	     NaN	NaN	     NaN
27-Oct-2015	     NaN	     NaN	NaN	     NaN
28-Oct-2015	     NaN	     NaN	NaN	     NaN
29-Oct-2015	     NaN	     NaN	NaN	     NaN
30-Oct-2015	     NaN	     NaN	NaN	     NaN
31-Oct-2015	     NaN	     NaN	NaN	     NaN
01-Nov-2015	     NaN	     NaN	NaN	     NaN
02-Nov-2015	  0.6974	  8.1980	96	     NaN
03-Nov-2015	  0.7744	  9.2313	107	 63.0375
04-Nov-2015	  0.7156	  9.4762	106	 63.4300
05-Nov-2015	  0.7811	  8.9263	106	 62.8779
06-Nov-2015	  0.7173	 10.3950	109	 61.4006
07-Nov-2015	  0.6523	 10.7396	112	 61.9382
08-Nov-2015	  0.6625	  9.1028	103	 64.1121
09-Nov-2015	  0.5940	 10.3635	100	 63.0528
10-Nov-2015	  0.6573	 12.5334	103	 63.4990
11-Nov-2015	     NaN	     NaN	NaN	     NaN
12-Nov-2015	     NaN	     NaN	NaN	     NaN
13-Nov-2015	     NaN	     NaN	NaN	     NaN
14-Nov-2015	     NaN	     NaN	NaN	     NaN
15-Nov-2015	     NaN	     NaN	NaN	     NaN
16-Nov-2015	     NaN	     NaN	NaN	     NaN
17-Nov-2015	     NaN	     NaN	NaN	     NaN
18-Nov-2015	     NaN	     NaN	NaN	     NaN
19-Nov-2015	     NaN	     NaN	NaN	     NaN
20-Nov-2015	     NaN	     NaN	NaN	     NaN
21-Nov-2015	     NaN	     NaN	NaN	     NaN
22-Nov-2015	     NaN	     NaN	NaN	     NaN
23-Nov-2015	     NaN	     NaN	NaN	     NaN
24-Nov-2015	  0.6496	 12.5160	94	 62.8659
25-Nov-2015	  0.7162	 11.9855	105	 62.2886
26-Nov-2015	  0.7746	 11.3261	100	 61.9993
27-Nov-2015	  0.7394	  9.4951	106	 63.3215
28-Nov-2015	  0.7538	  9.7803	110	 63.8983
29-Nov-2015	  0.7521	  9.3651	107	 64.6189
30-Nov-2015	  0.7270	  9.0244	104	 64.8907
01-Dec-2015	  0.6356	  8.5691	106	 65.5981
02-Dec-2015	  0.5702	  8.6633	106	 64.0887
03-Dec-2015	  0.5655	 11.4119	112	 63.3188
04-Dec-2015	  0.5642	  9.9694	103	 64.0320
05-Dec-2015	  0.5598	  9.2320	110	 64.4535
06-Dec-2015	  0.5617	  9.5875	113	 64.9959
07-Dec-2015	  0.5689	  9.3789	105	 64.2119
08-Dec-2015	  0.6032	 11.5978	104	 63.7850
09-Dec-2015	  0.6422	 13.6018	108	 62.8832
10-Dec-2015	  0.6616	 12.0385	100	 61.8689
11-Dec-2015	  0.6748	 10.6310	101	 64.6548
12-Dec-2015	  0.6940	  9.5444	101	 65.4846
13-Dec-2015	  0.5605	  8.9817	108	 64.1066
14-Dec-2015	     NaN	     NaN	NaN	     NaN
15-Dec-2015	     NaN	     NaN	NaN	     NaN
16-Dec-2015	  0.6414	  8.6086	103	 67.6950
17-Dec-2015	  0.5886	  8.3403	102	 66.7831
18-Dec-2015	  0.5586	  8.2636	102	 67.2767
19-Dec-2015	  0.5677	  8.2965	105	 66.7895
20-Dec-2015	  0.5637	  8.7479	102	 66.2720
21-Dec-2015	  0.5726	  9.4442	105	 65.1335
22-Dec-2015	  0.5761	  9.1551	105	 65.0719
23-Dec-2015	  0.5930	  9.5019	105	 64.9982
24-Dec-2015	  0.6193	  9.1912	102	 64.9905
25-Dec-2015	  0.6126	 10.3760	106	 64.2631
26-Dec-2015	  0.5799	 12.3515	109	 62.8496
27-Dec-2015	  0.6235	 10.4972	105	 64.7443
28-Dec-2015	  0.6319	 10.3702	104	 65.4065
29-Dec-2015	  0.5886	 10.7945	107	 64.9909
30-Dec-2015	  0.5610	 11.6769	106	 61.5490
31-Dec-2015	     NaN	     NaN	NaN	     NaN
01-Jan-2016	     NaN	     NaN	NaN	     NaN
02-Jan-2016	     NaN	     NaN	NaN	     NaN
03-Jan-2016	  0.5562	 10.0072	106	 65.0600
04-Jan-2016	  0.5571	  9.1511	107	 64.9836
05-Jan-2016	  0.5595	  8.6750	106	 65.7131
06-Jan-2016	  0.5569	  8.6128	106	 65.8097
07-Jan-2016	  0.5650	  8.6562	100	 66.1813
08-Jan-2016	  0.5666	  8.7015	107	 65.9553
09-Jan-2016	  0.6094	  8.6783	107	 65.1652
10-Jan-2016	  0.6286	  8.7736	113	 65.5913
11-Jan-2016	  0.6448	  9.4610	106	 64.8677
12-Jan-2016	  0.6335	 10.6571	100	 63.7887
13-Jan-2016	  0.5997	 11.1214	107	 64.0832
14-Jan-2016	  0.6493	  9.9147	104	 64.8353
15-Jan-2016	  0.5793	 10.7571	106	 64.5485
16-Jan-2016	  0.6551	 12.0859	104	 63.8258
17-Jan-2016	  0.6379	 11.7266	108	 62.9610
18-Jan-2016	  0.8644	 10.6860	109	 62.5320
19-Jan-2016	  0.6585	 10.6768	104	 63.6265
20-Jan-2016	  0.5828	 10.3638	99	 64.9950
21-Jan-2016	  0.6422	 10.5260	105	 65.1260
22-Jan-2016	  0.6705	  9.7764	104	 64.9197
23-Jan-2016	  0.6849	  9.7814	108	 64.9945
24-Jan-2016	  0.6677	  9.9850	101	 65.9753
25-Jan-2016	  0.6585	  9.5010	110	 66.6002
26-Jan-2016	  0.6376	  9.4000	109	 66.1895
27-Jan-2016	  0.6069	  9.2785	105	 65.9263
28-Jan-2016	  0.5743	  9.1176	105	 65.8833
29-Jan-2016	  0.5615	 11.2069	104	 65.2381
30-Jan-2016	  0.5744	 15.7963	106	 62.7196
31-Jan-2016	  0.5631	 15.0938	100	 60.7378
01-Feb-2016	     NaN	     NaN	NaN	     NaN
02-Feb-2016	     NaN	     NaN	NaN	     NaN
03-Feb-2016	     NaN	     NaN	NaN	     NaN
04-Feb-2016	     NaN	     NaN	NaN	     NaN
05-Feb-2016	  0.5725	  9.0289	104	 63.2500
06-Feb-2016	  0.6742	  9.5471	107	 64.0071
07-Feb-2016	  0.6697	  9.4904	101	 63.9840
08-Feb-2016	  0.6401	  9.2086	97	 65.1179
09-Feb-2016	  0.6292	 11.9936	100	 63.9232
10-Feb-2016	  0.6307	 14.3285	105	 62.9426
11-Feb-2016	  0.7053	 11.8668	100	 62.1033
12-Feb-2016	  0.7441	 10.3131	99	 61.9940
13-Feb-2016	  0.7476	 10.1761	106	 62.7426
14-Feb-2016	  0.7038	 10.4452	105	 62.5649
15-Feb-2016	  0.7294	 10.8769	107	 62.1807
16-Feb-2016	  0.6611	 10.8870	105	 62.1783
17-Feb-2016	  0.6610	 10.2548	105	 62.9117
18-Feb-2016	  0.7107	 11.0405	105	 62.5622
19-Feb-2016	  0.7284	 11.6254	106	 60.8665
20-Feb-2016	  0.7709	 11.3225	111	 61.0009
21-Feb-2016	  0.7378	 11.2887	108	 62.0946
22-Feb-2016	  0.7820	 11.4999	115	 62.9331
23-Feb-2016	  0.7990	 11.5671	100	 62.5803
24-Feb-2016	  0.7831	 11.2694	113	 62.8180
25-Feb-2016	  0.7540	 10.1030	108	 59.0852
26-Feb-2016	  0.7167	 10.1642	100	 63.4393
27-Feb-2016	  0.7497	 10.6354	111	 63.3377
28-Feb-2016	  0.6902	 10.6680	111	 62.6112
29-Feb-2016	  0.6438	  9.9745	110	 62.9900
01-Mar-2016	  0.5840	  9.5235	113	 63.9604
02-Mar-2016	  0.6464	  8.9752	101	 65.0343
03-Mar-2016	  0.6285	  9.3381	106	 64.6538
04-Mar-2016	  0.6751	  9.9701	113	 64.0049
05-Mar-2016	  0.7476	 10.2932	103	 64.7208
06-Mar-2016	  0.6502	  9.9582	113	 62.6448
07-Mar-2016	  0.6952	  9.6870	110	 64.2368
08-Mar-2016	  0.6310	 10.0736	103	 62.8518
09-Mar-2016	  0.6823	 10.0840	101	 65.2863
10-Mar-2016	  0.7706	 10.5171	114	 63.2672
11-Mar-2016	  0.7279	  9.4775	117	 63.6973
12-Mar-2016	  0.7266	 10.0207	110	 61.1258
13-Mar-2016	  0.6639	 10.6394	116	 59.5833
14-Mar-2016	  0.6683	  9.0869	112	 61.1896
15-Mar-2016	  0.7014	  8.9889	107	 61.6666
16-Mar-2016	  0.7148	 10.0906	107	 62.1957
17-Mar-2016	  0.7001	  9.9526	104	 62.6695
18-Mar-2016	  0.6477	 11.6664	108	 63.0128
19-Mar-2016	  0.7227	  9.6028	98	 62.3648
20-Mar-2016	  0.7874	  9.8450	107	 62.4552
21-Mar-2016	  0.6951	 10.6236	109	 61.9548
22-Mar-2016	     NaN	     NaN	NaN	     NaN
23-Mar-2016	     NaN	     NaN	NaN	     NaN
24-Mar-2016	     NaN	     NaN	NaN	     NaN
25-Mar-2016	     NaN	     NaN	NaN	     NaN
26-Mar-2016	     NaN	     NaN	NaN	     NaN
27-Mar-2016	     NaN	     NaN	NaN	     NaN
28-Mar-2016	     NaN	     NaN	NaN	     NaN
29-Mar-2016	     NaN	     NaN	NaN	     NaN
30-Mar-2016	     NaN	     NaN	NaN	     NaN
31-Mar-2016	     NaN	     NaN	NaN	     NaN
01-Apr-2016	     NaN	     NaN	NaN	     NaN
02-Apr-2016	     NaN	     NaN	NaN	     NaN
03-Apr-2016	     NaN	     NaN	NaN	     NaN
04-Apr-2016	     NaN	     NaN	NaN	     NaN
05-Apr-2016	     NaN	     NaN	NaN	     NaN
06-Apr-2016	     NaN	     NaN	NaN	     NaN
07-Apr-2016	     NaN	     NaN	NaN	     NaN
08-Apr-2016	     NaN	     NaN	NaN	     NaN
09-Apr-2016	     NaN	     NaN	NaN	     NaN
10-Apr-2016	     NaN	     NaN	NaN	     NaN
11-Apr-2016	     NaN	     NaN	NaN	     NaN
12-Apr-2016	     NaN	     NaN	NaN	     NaN
13-Apr-2016	     NaN	     NaN	NaN	     NaN
14-Apr-2016	     NaN	     NaN	NaN	     NaN
15-Apr-2016	     NaN	     NaN	NaN	     NaN
16-Apr-2016	     NaN	     NaN	NaN	     NaN
17-Apr-2016	     NaN	     NaN	NaN	     NaN
18-Apr-2016	     NaN	     NaN	NaN	     NaN
19-Apr-2016	     NaN	     NaN	NaN	     NaN
20-Apr-2016	     NaN	     NaN	NaN	     NaN
21-Apr-2016	     NaN	     NaN	NaN	     NaN
22-Apr-2016	     NaN	     NaN	NaN	     NaN
23-Apr-2016	     NaN	     NaN	NaN	     NaN
24-Apr-2016	     NaN	     NaN	NaN	     NaN
25-Apr-2016	     NaN	     NaN	NaN	     NaN
26-Apr-2016	     NaN	     NaN	NaN	     NaN
27-Apr-2016	     NaN	     NaN	NaN	     NaN
28-Apr-2016	     NaN	     NaN	NaN	     NaN
29-Apr-2016	     NaN	     NaN	NaN	     NaN
30-Apr-2016	     NaN	     NaN	NaN	     NaN
01-May-2016	     NaN	     NaN	NaN	     NaN
02-May-2016	  1.2294	 10.5609	112	 52.8176
03-May-2016	  0.9564	 11.5906	106	 52.9911
04-May-2016	  0.8060	 10.4545	101	 53.4915
05-May-2016	  0.8255	  9.4732	105	 56.9129
06-May-2016	  0.7368	  9.3962	104	 58.9407
07-May-2016	  0.8771	  8.9690	112	 59.2751
08-May-2016	  0.6994	 11.0769	106	 57.3726
09-May-2016	  0.8415	 10.7117	105	 61.4787
10-May-2016	     NaN	     NaN	NaN	     NaN
11-May-2016	     NaN	     NaN	NaN	     NaN
12-May-2016	     NaN	     NaN	NaN	     NaN
13-May-2016	     NaN	     NaN	NaN	     NaN
14-May-2016	  0.8256	  9.3474	109	 58.9084
15-May-2016	  0.8471	  9.6539	105	 56.5404
16-May-2016	  0.9822	  9.1530	108	 58.2387
17-May-2016	  0.8409	  8.6298	107	 57.7074
18-May-2016	  0.8548	  8.5627	98	 59.8139
19-May-2016	  0.9488	  8.8005	104	 60.8916
20-May-2016	  0.9530	  8.7213	100	 60.8506
21-May-2016	  0.8881	  8.5214	103	 60.4088
22-May-2016	  0.6039	 13.4134	102	 59.5633
23-May-2016	  0.7180	 11.5247	100	 58.3859
24-May-2016	  0.8232	 10.1643	105	 58.2981
25-May-2016	  1.0690	  9.5771	105	 60.4197
26-May-2016	  0.9491	  9.5828	105	 61.3617
27-May-2016	  0.9645	  9.1204	105	 60.2665
28-May-2016	  0.7147	 10.8435	116	 59.2956
29-May-2016	     NaN	     NaN	NaN	     NaN
30-May-2016	  0.8027	  9.2275	102	 58.1546
31-May-2016	     NaN	     NaN	NaN	 63.0602
01-Jun-2016	  0.7794	 10.2918	107	 59.4744
02-Jun-2016	  0.7610	 11.5794	101	 59.0359
03-Jun-2016	  0.7221	 10.8620	102	 61.1497
04-Jun-2016	  0.7116	 10.0452	105	 61.8399
05-Jun-2016	  0.7242	 11.8736	102	 61.0673
06-Jun-2016	  0.7899	 10.3870	104	 61.9745
07-Jun-2016	  0.6318	 10.6493	109	 61.3533
08-Jun-2016	  0.7057	  9.5093	100	 60.7609
09-Jun-2016	  0.7939	  9.0409	97	 58.9460
10-Jun-2016	  0.6885	  9.4447	101	 60.6054
11-Jun-2016	  0.6355	  9.5723	107	 61.4305
12-Jun-2016	  0.6292	  9.5952	111	 60.4252
13-Jun-2016	  0.7019	  9.3530	98	 63.1917
14-Jun-2016	  0.7681	  9.0232	106	 61.3296
15-Jun-2016	  0.7997	  9.9430	101	 57.9491
16-Jun-2016	  0.7909	 11.8956	107	 58.9041
17-Jun-2016	  0.9110	 12.1494	115	 58.5824
18-Jun-2016	  1.0462	 12.4290	104	 59.6435
19-Jun-2016	  0.7676	 11.2328	102	 60.2564
20-Jun-2016	  0.8147	  9.8395	102	 60.1527
21-Jun-2016	  0.8278	  9.6277	96	 58.3458
22-Jun-2016	  1.0922	 10.3115	106	 57.4481
